1.00, 0.00, -0.00, 0.08, 0.02, 0.01, 9.81
1.00, 0.00, -0.00, 0.08, 0.02, 0.01, 9.81
1.00, 0.00, -0.00, 0.08, -0.00, 0.03, 9.76
1.00, 0.00, -0.00, 0.08, -0.01, 0.03, 9.81
1.00, 0.00, -0.00, 0.08, 0.01, 0.03, 9.80
1.00, 0.00, -0.00, 0.08, 0.03, -0.02, 9.74
1.00, 0.00, -0.00, 0.08, 0.04, 0.00, 9.81
1.00, 0.00, -0.00, 0.08, -0.01, 0.02, 9.74
1.00, 0.00, -0.00, 0.08, -0.02, 0.03, 9.76
1.00, 0.00, -0.00, 0.08, -0.04, 0.01, 9.81
1.00, 0.00, -0.00, 0.08, -0.04, -0.01, 9.80
1.00, 0.00, -0.00, 0.08, -0.00, 0.01, 9.74
1.00, 0.00, -0.00, 0.08, 0.02, -0.01, 9.76
1.00, 0.00, -0.00, 0.08, -0.02, 0.01, 9.81
1.00, 0.00, -0.00, 0.08, 0.02, -0.01, 9.74
1.00, 0.00, -0.00, 0.08, -0.01, 0.00, 9.76
1.00, 0.00, -0.00, 0.08, 0.00, 0.02, 9.81
1.00, 0.00, -0.00, 0.08, -0.02, 0.02, 9.81
1.00, 0.00, -0.00, 0.08, -0.06, 0.02, 9.81
1.00, 0.00, -0.00, 0.08, 0.05, 0.02, 9.77
1.00, 0.00, -0.00, 0.08, 0.00, -0.01, 9.77
1.00, 0.00, -0.00, 0.08, -0.02, 0.00, 9.72
1.00, 0.00, -0.00, 0.08, 0.02, 0.01, 9.81
1.00, 0.00, -0.00, 0.08, -0.01, -0.00, 9.81
1.00, 0.00, -0.00, 0.08, 0.00, 0.00, 9.80
1.00, 0.00, -0.00, 0.08, 0.01, -0.04, 9.75
1.00, 0.00, -0.00, 0.08, 0.04, 0.03, 9.74
1.00, 0.00, -0.00, 0.08, 0.05, -0.01, 9.81
1.00, 0.00, -0.00, 0.08, -0.07, -0.01, 9.80
1.00, 0.00, -0.00, 0.08, 0.01, 0.01, 9.79
1.00, 0.00, -0.00, 0.08, 0.01, 0.01, 9.78
1.00, 0.00, -0.00, 0.08, -0.01, 0.00, 9.81
1.00, 0.00, -0.00, 0.08, -0.00, 0.06, 9.81
1.00, 0.00, -0.00, 0.08, 0.01, 0.01, 9.81
1.00, 0.00, -0.00, 0.08, -0.01, 0.07, 9.81
1.00, 0.00, -0.00, 0.08, -0.01, 0.04, 9.81
1.00, 0.00, -0.00, 0.08, -0.01, 0.04, 9.74
1.00, 0.00, -0.00, 0.08, 0.02, -0.04, 9.77
1.00, 0.00, -0.00, 0.08, -0.01, -0.06, 9.81
1.00, 0.00, -0.00, 0.08, 0.07, -0.05, 9.81
1.00, 0.00, -0.00, 0.08, 0.02, 0.01, 9.74
1.00, 0.00, -0.00, 0.08, 0.05, 0.04, 9.81
1.00, 0.00, -0.00, 0.08, -0.00, 0.01, 9.75
1.00, 0.00, -0.00, 0.08, -0.07, -0.03, 9.80
1.00, 0.00, -0.00, 0.08, -0.06, 0.02, 9.81
1.00, 0.00, -0.00, 0.08, -0.04, 0.00, 9.76
1.00, 0.00, -0.00, 0.08, -0.03, -0.02, 9.81
1.00, 0.00, -0.00, 0.08, 0.02, -0.01, 9.79
1.00, 0.00, -0.00, 0.08, 0.04, 0.05, 9.76
1.00, 0.00, -0.00, 0.08, 0.03, 0.06, 9.81
1.00, 0.00, -0.00, 0.08, 0.01, 0.07, 9.77
1.00, 0.00, -0.00, 0.08, -0.00, 0.03, 9.76
1.00, 0.00, -0.00, 0.08, -0.01, -0.01, 9.81
1.00, 0.00, -0.00, 0.08, 0.03, -0.02, 9.72
0.99, -0.03, -0.11, -0.01, 0.36, -0.71, 10.04
0.99, -0.04, -0.12, -0.01, 0.84, -1.19, 10.12
0.99, -0.06, -0.15, -0.02, -1.07, 2.26, 10.31
0.98, -0.08, -0.15, -0.03, -0.01, 6.12, 7.33
0.98, -0.12, -0.15, -0.03, -0.83, 0.08, 2.05
0.98, -0.14, -0.14, -0.03, -1.10, -0.57, 1.92
0.98, -0.14, -0.13, -0.03, -0.62, -0.24, 6.40
0.98, -0.13, -0.13, -0.03, -0.72, 1.98, 8.92
0.98, -0.12, -0.13, -0.03, -0.02, 1.28, 5.05
0.99, -0.11, -0.11, -0.02, 0.85, 2.80, 2.43
0.99, -0.09, -0.08, -0.01, -1.29, 1.97, 1.86
1.00, -0.07, -0.06, 0.01, -0.35, -0.77, 5.97
1.00, -0.01, -0.06, 0.02, 0.71, -0.12, 9.87
1.00, 0.03, -0.07, 0.03, 2.69, 2.17, 9.92
1.00, 0.05, -0.08, 0.03, -0.77, -0.62, 9.15
0.99, 0.07, -0.07, 0.03, -1.31, -0.75, 6.35
0.99, 0.10, -0.06, 0.02, 1.18, -0.23, 10.08
0.99, 0.10, -0.04, 0.02, -9.10, -7.92, 10.03
0.99, 0.09, -0.05, 0.01, 0.05, 1.21, 8.81
0.99, 0.09, -0.06, 0.01, -0.14, -1.33, 10.04
0.99, 0.09, -0.05, 0.01, 0.25, -0.19, 10.02
1.00, 0.07, -0.04, 0.02, 0.54, 0.53, 9.95
1.00, 0.04, -0.03, 0.02, -1.25, 1.32, 9.85
1.00, 0.01, -0.02, 0.02, -0.84, 1.55, 6.14
1.00, -0.02, -0.02, 0.01, 0.78, -0.20, 8.00
1.00, -0.03, -0.02, 0.00, 1.65, -0.94, 9.83
1.00, -0.06, -0.03, -0.01, -1.09, -0.03, 9.89
1.00, -0.09, -0.03, -0.02, 0.43, 5.79, 7.14
0.99, -0.13, -0.01, -0.02, 1.92, 1.49, 3.84
0.99, -0.15, 0.00, -0.03, 2.34, 0.00, 1.73
0.99, -0.15, 0.02, -0.03, 1.68, 0.28, 2.83
0.99, -0.15, 0.01, -0.03, 1.57, 0.64, 1.26
0.99, -0.13, 0.01, -0.02, 1.04, 2.49, -1.54
0.99, -0.11, 0.02, -0.01, 1.13, 3.80, -2.00
1.00, -0.04, 0.02, 0.00, 1.87, 0.38, 8.04
1.00, 0.01, 0.01, 0.01, 4.48, 0.78, 9.81
1.00, 0.05, -0.02, 0.02, -1.53, -0.68, 9.87
1.00, 0.05, -0.04, 0.02, -1.67, -0.35, 9.89
1.00, 0.05, -0.03, 0.02, -1.56, -0.99, 7.47
1.00, 0.07, -0.02, 0.01, 0.84, -0.76, 9.90
1.00, 0.08, -0.02, 0.01, 3.59, -0.21, 9.95
1.00, 0.08, -0.02, 0.01, 1.70, 1.66, 9.93
1.00, 0.04, -0.02, 0.02, -1.64, 1.84, 9.84
1.00, 0.01, 0.00, 0.02, -1.89, 0.84, 7.35
1.00, -0.02, 0.03, 0.02, 0.17, -0.51, 9.83
1.00, -0.04, 0.04, 0.01, 0.32, -0.95, 9.86
1.00, -0.08, 0.03, -0.01, -2.51, 1.21, 9.94
0.99, -0.11, 0.03, -0.02, -2.00, 6.77, 5.47
0.99, -0.15, 0.04, -0.04, 2.39, 1.69, 0.24
0.98, -0.17, 0.05, -0.05, 3.60, 0.39, 0.02
0.98, -0.18, 0.06, -0.05, 3.15, 0.10, 0.60
0.98, -0.17, 0.06, -0.05, 3.02, 0.79, -2.15
0.99, -0.14, 0.06, -0.05, 3.63, 3.97, -4.90
0.99, -0.10, 0.05, -0.04, 3.98, 3.90, -0.86
1.00, -0.01, 0.03, -0.02, 3.56, 1.99, 9.82
1.00, 0.04, -0.00, -0.00, 1.10, -0.49, 9.85
1.00, 0.06, -0.03, 0.02, -4.58, -0.19, 9.89
1.00, 0.05, -0.04, 0.02, -3.80, -0.61, 5.02
1.00, 0.07, -0.02, 0.02, 0.08, -0.67, 9.92
1.00, 0.09, -0.02, 0.02, 2.13, -1.43, 9.99
1.00, 0.09, -0.02, 0.02, 3.27, 1.08, 3.09
0.99, 0.09, -0.04, 0.01, 0.16, 1.52, 7.71
0.99, 0.09, -0.06, 0.01, -1.25, -0.54, 9.96
0.99, 0.09, -0.07, 0.02, -1.01, 0.39, 10.08
0.99, 0.09, -0.08, 0.03, 0.80, -0.09, 9.73
0.99, 0.08, -0.09, 0.03, 0.66, -0.79, 9.54
0.99, 0.06, -0.11, 0.04, -0.17, -0.24, 7.72
0.99, 0.06, -0.13, 0.04, -0.94, -0.85, 9.66
0.99, 0.06, -0.14, 0.04, -0.10, -0.40, 10.29
0.99, 0.06, -0.15, 0.04, 0.34, -0.54, 10.30
0.99, 0.04, -0.14, 0.04, -0.35, -0.01, 10.22
0.99, 0.02, -0.13, 0.04, -0.04, -0.27, 8.30
0.99, 0.01, -0.12, 0.04, 0.55, -0.33, 8.10
0.99, 0.00, -0.11, 0.04, 0.43, -0.85, 10.03
0.99, -0.01, -0.10, 0.04, -0.03, -0.40, 10.01
0.99, -0.02, -0.10, 0.03, 0.09, 0.65, 9.07
0.99, -0.03, -0.09, 0.04, -0.26, 0.29, 7.34
1.00, -0.04, -0.08, 0.03, -0.38, 0.50, 7.17
1.00, -0.05, -0.06, 0.03, -0.33, 0.12, 8.63
1.00, -0.06, -0.06, 0.03, -1.08, -0.69, 7.09
1.00, -0.05, -0.07, 0.03, -4.84, -1.27, 8.71
0.99, -0.03, -0.10, 0.02, 0.81, 1.45, 9.48
0.99, -0.02, -0.10, 0.01, 1.60, 4.16, 10.01
1.00, -0.02, -0.09, -0.00, 1.21, -1.09, 9.96
1.00, -0.02, -0.08, -0.00, 0.41, -0.81, 7.91
1.00, -0.02, -0.07, -0.01, -0.36, 0.12, 7.93
1.00, -0.02, -0.06, -0.01, -0.87, -0.76, 9.90
1.00, -0.01, -0.06, -0.01, 1.76, 0.38, 9.89
1.00, -0.01, -0.06, -0.01, 1.74, 0.33, 9.88
1.00, -0.02, -0.05, -0.01, 1.00, 0.39, 9.87
1.00, -0.03, -0.05, -0.01, 0.84, 0.20, 8.54
1.00, -0.04, -0.03, -0.01, 0.48, -0.24, 8.18
1.00, -0.04, -0.03, -0.01, 1.28, -0.07, 8.27
1.00, -0.03, -0.03, -0.01, 0.50, 0.00, 9.84
1.00, -0.03, -0.03, -0.01, 1.12, 0.09, 9.85
1.00, -0.03, -0.04, -0.02, 1.67, 0.16, 9.36
1.00, -0.03, -0.04, -0.02, 1.60, 0.17, 8.37
1.00, -0.03, -0.03, -0.01, 1.15, 0.02, 7.50
1.00, -0.03, -0.03, -0.01, 1.42, -0.06, 6.84
1.00, -0.03, -0.03, -0.01, 2.08, -0.27, 6.23
1.00, -0.03, -0.03, -0.01, 2.38, -0.62, 5.11
1.00, -0.02, -0.04, -0.01, 3.56, -1.87, 3.73
1.00, -0.01, -0.04, -0.01, 3.37, -1.20, 2.48
1.00, 0.01, -0.03, -0.02, 0.42, 1.23, 3.55
1.00, 0.04, -0.02, -0.01, -1.02, 2.10, 4.50
0.99, 0.10, -0.00, 0.00, -1.38, 1.54, 5.91
0.99, 0.14, 0.02, 0.02, -19.21, -7.57, 10.21
0.98, 0.02, 0.19, 0.03, -16.05, 0.50, 10.49
1.00, 0.01, 0.01, 0.03, -19.49, -9.49, 9.81
1.00, 0.02, 0.05, 0.04, -1.91, -0.94, 9.87
1.00, 0.01, 0.03, 0.04, -0.43, -0.07, 1.30
1.00, 0.01, 0.03, 0.04, 3.40, -0.86, 9.64
1.00, 0.01, 0.04, 0.04, 0.30, -2.28, 9.84
1.00, 0.01, 0.04, 0.04, -1.14, -0.19, 9.83
1.00, 0.01, 0.03, 0.04, 0.81, 0.12, 9.83
1.00, 0.01, 0.03, 0.04, 0.43, -0.23, 9.83
1.00, 0.01, 0.03, 0.04, 0.37, -0.05, 9.83
1.00, 0.01, 0.03, 0.04, 0.45, -0.17, 9.83
1.00, 0.01, 0.03, 0.04, 0.38, -0.14, 9.83
1.00, 0.01, 0.03, 0.04, 0.45, -0.30, 9.82
1.00, 0.01, 0.03, 0.04, 0.40, -0.20, 9.82
1.00, 0.01, 0.03, 0.04, 2.29, -3.52, 9.23
1.00, 0.01, 0.02, 0.03, 1.70, -2.65, 9.52
1.00, 0.00, 0.02, 0.00, 2.42, 1.46, 7.11
1.00, 0.01, 0.02, 0.00, 1.92, 0.23, 8.98
1.00, 0.01, 0.02, 0.01, 0.62, 0.06, 9.70
1.00, 0.01, 0.02, 0.02, 1.23, -0.05, 9.82
1.00, 0.02, 0.04, 0.04, -0.75, -0.04, 9.84
1.00, 0.02, 0.05, 0.04, -3.06, -1.00, 9.74
1.00, 0.02, 0.08, 0.05, -0.09, -1.68, 9.93
0.99, 0.03, 0.09, 0.06, -0.53, -1.34, 9.97
0.99, 0.04, 0.09, 0.07, -0.65, -0.66, 10.00
0.99, 0.04, 0.09, 0.07, -1.02, 0.85, 10.00
0.99, 0.05, 0.08, 0.06, 1.23, 1.17, 9.98
0.99, 0.04, 0.08, 0.06, 1.10, 0.76, 9.96
1.00, 0.02, 0.07, 0.05, 0.74, 0.35, 9.92
1.00, 0.01, 0.07, 0.05, -0.26, 0.15, 9.22
1.00, -0.01, 0.07, 0.05, -0.16, -0.33, 9.29
1.00, -0.02, 0.07, 0.05, -0.11, -0.70, 9.40
1.00, -0.04, 0.06, 0.04, -0.97, -1.38, 9.22
1.00, -0.05, 0.06, 0.03, 0.69, 1.62, 7.24
1.00, -0.06, 0.06, 0.02, 0.88, 0.61, 6.42
1.00, -0.06, 0.06, 0.03, 0.92, 0.98, 5.63
1.00, -0.07, 0.05, 0.03, 2.00, 0.64, 4.40
1.00, -0.06, 0.05, 0.04, 1.78, 0.72, 3.61
1.00, -0.04, 0.04, 0.05, 0.50, -0.30, 2.60
1.00, -0.02, 0.04, 0.05, 0.95, -0.00, 1.95
1.00, 0.02, 0.02, 0.06, 1.51, 0.62, -0.84
1.00, 0.04, 0.01, 0.06, 1.92, 0.20, -1.57
1.00, 0.00, -0.05, 0.06, 18.70, -19.60, 9.85
1.00, 0.04, 0.05, 0.05, 2.76, 0.10, -2.00
1.00, 0.07, -0.01, 0.03, -0.17, -0.50, 0.04
1.00, 0.07, -0.01, 0.02, -0.14, -1.34, 1.00
1.00, 0.06, 0.01, 0.01, -2.59, 0.11, 3.49
1.00, 0.03, 0.02, 0.02, -1.75, 1.07, 9.83
1.00, 0.02, -0.05, 0.02, 0.80, 0.58, -3.18
1.00, 0.02, -0.05, 0.02, 2.77, 1.20, -0.98
1.00, 0.01, 0.01, 0.03, 0.18, 1.29, 2.82
1.00, 0.01, 0.00, 0.03, 3.22, -2.74, 9.81
1.00, 0.01, 0.00, 0.03, 0.86, -0.66, 9.66
1.00, 0.01, 0.00, 0.02, 1.28, -1.43, 9.81
1.00, 0.01, 0.00, 0.02, 0.67, 0.66, 9.57
1.00, 0.01, 0.00, 0.02, 0.23, -0.66, 9.81
1.00, 0.02, 0.01, 0.02, 0.64, -0.12, 9.81
1.00, 0.02, 0.02, 0.02, 0.13, -0.69, 9.82
1.00, 0.02, 0.04, 0.02, -1.31, -0.49, 9.84
1.00, 0.02, 0.05, 0.03, -0.25, -0.81, 9.86
1.00, 0.03, 0.05, 0.03, 1.50, 0.27, 9.88
1.00, 0.04, 0.04, 0.04, 1.01, 0.13, 9.88
1.00, 0.05, 0.03, 0.04, -2.41, -0.24, 9.88
1.00, 0.05, 0.03, 0.04, -1.93, -0.52, 9.87
1.00, 0.03, 0.02, 0.03, 0.48, -0.00, 9.84
1.00, 0.02, 0.02, 0.03, 0.40, 0.06, 9.82
1.00, -0.00, 0.01, 0.03, -0.13, 0.76, 8.85
1.00, -0.01, 0.01, 0.03, -0.25, -0.21, 9.81
1.00, -0.03, 0.02, 0.03, -0.43, -0.51, 9.83
1.00, -0.05, 0.03, 0.02, -0.99, -0.92, 9.87
1.00, -0.08, 0.03, 0.01, -0.56, -0.01, 8.79
0.99, -0.09, 0.03, 0.00, 0.45, 3.80, 7.24
0.99, -0.12, 0.02, -0.00, 2.31, 1.37, 5.04
0.99, -0.13, 0.01, 0.00, 0.24, 1.41, 4.38
0.99, -0.14, 0.00, 0.01, -1.28, -0.05, 6.70
0.99, -0.14, -0.01, 0.02, 1.88, 2.01, 1.25
0.99, -0.12, -0.03, 0.03, 0.06, 0.21, 2.00
0.99, -0.10, -0.04, 0.03, -0.37, 1.25, 1.10
1.00, -0.06, -0.07, 0.03, 0.11, 1.99, -1.31
1.00, -0.02, -0.07, 0.04, 0.51, 1.20, -1.50
1.00, 0.02, -0.04, 0.04, 10.50, 2.98, 9.85
1.00, 0.01, -0.08, 0.03, -0.23, 0.07, -0.01
1.00, 0.01, -0.06, 0.03, 1.77, -2.02, -2.66
1.00, 0.03, -0.04, 0.02, 2.41, 1.16, 1.67
1.00, 0.02, -0.04, 0.02, 1.94, -1.99, 3.71
1.00, 0.02, -0.03, 0.02, 2.52, -1.90, 3.11
1.00, 0.02, -0.03, 0.02, -0.28, -0.38, 9.54
1.00, 0.02, -0.03, 0.02, -0.16, -0.67, 9.56
1.00, 0.02, -0.02, 0.02, 0.81, -1.78, 9.83
1.00, 0.02, -0.02, -0.01, 0.06, -1.33, 9.82
1.00, 0.02, -0.02, -0.03, -2.30, 5.42, 7.68
1.00, 0.02, -0.02, -0.02, -0.80, -0.67, 9.76
1.00, 0.02, -0.02, -0.02, -0.62, 0.37, 9.82
1.00, 0.02, -0.02, -0.01, 2.98, -1.17, 9.69
1.00, 0.02, -0.01, -0.00, 0.57, -0.96, 9.82
1.00, 0.03, 0.01, 0.01, -2.24, -0.42, 9.36
1.00, 0.03, 0.01, 0.02, -1.87, -0.91, 9.82
1.00, 0.03, 0.01, 0.02, -0.24, 1.07, 9.83
1.00, 0.03, 0.01, 0.03, -0.86, 0.54, 9.82
1.00, 0.01, 0.01, 0.03, -1.21, -0.43, 9.81
1.00, 0.00, 0.01, 0.03, -0.77, -0.39, 9.81
1.00, -0.02, 0.01, 0.03, -1.81, 0.45, 9.81
1.00, -0.03, 0.00, 0.02, -1.33, 0.11, 9.83
1.00, -0.06, -0.00, 0.02, 0.39, 2.06, 9.10
1.00, -0.08, -0.01, 0.02, -0.36, 1.35, 9.95
0.99, -0.12, -0.01, 0.02, 1.10, 4.18, 8.87
0.99, -0.14, -0.02, 0.03, 1.05, 0.39, 9.56
0.98, -0.18, -0.04, 0.04, -1.39, 1.58, 5.60
0.98, -0.20, -0.05, 0.05, -2.75, 3.67, 2.33
0.97, -0.22, -0.06, 0.05, -0.30, 3.05, -0.23
0.97, -0.22, -0.06, 0.04, 1.00, 3.62, -2.97
0.98, -0.19, -0.06, 0.04, 1.85, 1.85, -5.18
0.99, -0.14, -0.05, 0.03, 2.13, -1.67, 2.07
1.00, -0.01, -0.03, 0.04, -5.15, 5.46, 8.71
1.00, 0.08, -0.01, 0.05, -4.77, 3.60, 9.94
1.00, 0.05, 0.02, 0.06, 3.86, -2.53, -8.87
1.00, 0.05, 0.02, 0.05, 3.02, -2.01, -6.98
1.00, 0.06, 0.01, 0.04, 3.52, -0.37, -5.20
1.00, 0.06, 0.01, 0.04, 2.23, 1.97, 9.87
1.00, 0.05, 0.01, 0.04, 0.31, -0.41, 9.79
1.00, 0.05, 0.02, 0.03, 0.03, -0.61, 9.75
1.00, 0.04, 0.03, 0.03, -0.57, -0.72, 9.86
1.00, 0.04, 0.03, 0.04, -0.84, 0.31, 9.29
1.00, 0.04, 0.03, 0.04, -0.43, -0.44, 8.60
1.00, 0.04, 0.03, 0.05, -0.15, 0.07, 9.34
1.00, 0.03, 0.02, 0.05, 0.77, -0.05, 9.84
1.00, 0.02, 0.01, 0.05, 0.63, -1.96, 9.82
1.00, 0.02, 0.00, 0.05, 0.38, -0.07, 9.81
1.00, 0.02, 0.00, 0.04, 0.47, -0.03, 9.81
1.00, 0.02, 0.00, 0.04, 0.35, -0.04, 9.79
1.00, 0.02, 0.00, 0.04, -0.10, -0.20, 9.81
1.00, 0.02, 0.00, 0.04, 0.47, -0.16, 9.27
1.00, 0.02, 0.00, 0.04, -0.06, 0.04, 9.81
1.00, 0.02, 0.00, 0.04, 1.51, 1.00, 9.81
1.00, 0.02, -0.00, 0.04, 0.42, -0.54, 9.81
1.00, 0.02, -0.00, 0.04, 0.85, -1.43, 9.82
1.00, 0.02, -0.01, 0.04, -0.62, -2.99, 9.82
1.00, 0.02, -0.04, 0.04, -1.20, 0.52, 9.86
1.00, 0.03, -0.09, 0.03, 0.36, 1.53, 8.97
0.99, 0.03, -0.15, 0.02, -1.50, -0.05, 10.26
0.98, 0.03, -0.20, 0.02, -2.27, -1.01, 10.59
0.96, 0.04, -0.29, 0.01, -1.47, 0.48, 8.47
0.93, 0.04, -0.35, -0.00, -2.39, -0.49, 6.64
0.90, 0.05, -0.42, -0.01, -4.07, -1.07, 6.34
0.89, 0.05, -0.45, -0.01, -2.45, 1.04, 10.43
0.88, 0.05, -0.47, -0.01, 1.01, 0.08, 11.93
0.87, 0.06, -0.48, -0.01, 2.34, -1.79, 12.64
0.84, 0.08, -0.53, 0.00, 2.48, 0.91, 9.23
0.82, 0.10, -0.56, 0.02, 0.12, 0.22, 9.28
0.78, 0.12, -0.61, 0.05, -1.12, -0.28, 10.71
0.76, 0.14, -0.63, 0.07, -0.31, 0.07, 12.53
0.73, 0.14, -0.66, 0.09, 1.23, 2.27, 14.37
0.70, 0.14, -0.69, 0.10, -0.62, 0.12, 13.90
0.65, 0.12, -0.74, 0.12, -4.76, 0.01, 14.04
0.61, 0.12, -0.77, 0.12, -2.83, -0.38, 13.60
0.56, 0.13, -0.81, 0.13, 0.23, 0.13, 13.37
0.51, 0.13, -0.84, 0.12, 0.49, 1.06, 13.29
0.43, 0.14, -0.89, 0.09, 0.70, 2.35, 11.76
0.38, 0.14, -0.91, 0.07, 0.77, 0.68, 8.99
0.32, 0.12, -0.94, 0.05, -0.96, 0.05, 10.10
0.32, 0.10, -0.94, 0.04, -1.13, -0.45, 12.65
0.31, 0.09, -0.95, -0.00, -0.62, -0.34, 12.89
0.30, 0.08, -0.95, -0.04, 0.40, -1.29, 12.72
0.29, 0.08, -0.95, -0.10, 2.71, -0.47, 9.11
0.27, 0.07, -0.95, -0.13, 3.91, 0.27, 7.15
0.23, 0.06, -0.96, -0.15, 5.91, 0.27, 3.80
0.20, 0.05, -0.97, -0.15, 3.58, -0.48, 6.69
0.18, 0.03, -0.97, -0.14, 0.72, -0.55, 10.86
0.17, 0.02, -0.98, -0.13, -0.38, -0.42, 10.77
0.14, 0.01, -0.98, -0.12, 1.07, -0.99, 8.75
0.13, 0.01, -0.99, -0.11, 1.52, -1.14, 9.79
0.10, 0.00, -0.99, -0.10, 1.58, -0.88, 10.85
0.08, -0.00, -0.99, -0.09, 1.96, -0.85, 11.20
0.04, -0.01, -1.00, -0.07, 2.63, -1.03, 10.60
0.01, -0.02, -1.00, -0.07, 2.94, -1.06, 9.74
-0.01, -0.04, -1.00, -0.07, 1.92, -1.55, 8.94
-0.02, -0.05, -1.00, -0.06, 1.47, -0.89, 9.65
-0.05, -0.06, -1.00, -0.05, 1.73, -1.28, 8.60
-0.07, -0.07, -0.99, -0.05, 2.54, -1.33, 7.96
-0.08, -0.08, -0.99, -0.04, 2.41, -1.46, 7.80
-0.08, -0.09, -0.99, -0.03, 1.75, -2.00, 10.00
-0.09, -0.10, -0.99, -0.02, 0.55, -2.06, 12.14
-0.10, -0.11, -0.99, -0.01, 0.53, -2.43, 12.71
-0.12, -0.11, -0.99, -0.00, 1.78, -1.61, 11.13
-0.13, -0.11, -0.99, -0.00, 2.41, -1.05, 9.93
-0.14, -0.10, -0.98, -0.01, 2.89, 0.38, 9.15
-0.15, -0.10, -0.98, -0.02, 2.91, -1.29, 8.47
-0.15, -0.10, -0.98, -0.03, 3.84, -0.80, 8.23
-0.16, -0.10, -0.98, -0.03, 4.00, -0.38, 7.68
-0.16, -0.10, -0.98, -0.04, 3.46, -0.42, 7.47
-0.16, -0.10, -0.98, -0.04, 2.95, -0.67, 7.52
-0.16, -0.10, -0.98, -0.04, 2.80, -0.52, 7.74
-0.16, -0.10, -0.98, -0.04, 2.28, -0.95, 9.11
-0.16, -0.10, -0.98, -0.04, 2.45, -0.99, 9.74
-0.16, -0.10, -0.98, -0.04, 3.06, -1.22, 9.24
-0.16, -0.10, -0.98, -0.04, 3.33, -1.06, 9.02
-0.16, -0.10, -0.98, -0.04, 2.96, -2.38, 9.59
-0.16, -0.10, -0.98, -0.04, 2.83, -0.20, 9.18
-0.16, -0.11, -0.98, -0.05, 2.43, -1.43, 8.72
-0.17, -0.11, -0.98, -0.05, 2.67, -1.02, 8.21
-0.17, -0.10, -0.98, -0.05, 2.96, -1.34, 8.46
-0.16, -0.10, -0.98, -0.05, 2.97, -1.06, 8.71
-0.16, -0.11, -0.98, -0.05, 2.65, -1.39, 9.04
-0.16, -0.11, -0.98, -0.05, 2.53, -1.27, 9.35
-0.16, -0.11, -0.98, -0.05, 2.25, -1.40, 9.40
-0.16, -0.11, -0.98, -0.05, 2.50, -1.27, 8.90
-0.16, -0.11, -0.98, -0.05, 2.46, -1.20, 8.56
-0.16, -0.11, -0.98, -0.05, 2.34, -1.26, 8.62
-0.16, -0.10, -0.98, -0.05, 2.52, -1.29, 8.54
-0.16, -0.10, -0.98, -0.05, 2.71, -1.13, 8.60
-0.16, -0.10, -0.98, -0.05, 3.03, -1.09, 8.70
-0.16, -0.10, -0.98, -0.05, 3.16, -1.09, 8.67
-0.16, -0.10, -0.98, -0.05, 2.84, -1.07, 9.12
-0.16, -0.10, -0.98, -0.05, 3.35, -2.22, 9.66
-0.17, -0.10, -0.98, -0.06, 2.29, -1.21, 8.18
-0.17, -0.10, -0.98, -0.06, 2.39, -1.18, 8.10
-0.18, -0.10, -0.98, -0.06, 2.36, -1.22, 7.61
-0.18, -0.10, -0.98, -0.06, 2.19, -1.39, 7.87
-0.18, -0.10, -0.98, -0.06, 2.42, -1.13, 9.01
-0.18, -0.10, -0.98, -0.06, 2.77, -1.25, 8.58
-0.18, -0.10, -0.98, -0.06, 3.18, -1.27, 8.67
-0.18, -0.10, -0.98, -0.06, 3.06, -1.20, 8.84
-0.18, -0.10, -0.98, -0.06, 2.67, -1.25, 9.17
-0.18, -0.10, -0.98, -0.06, 2.69, -1.22, 9.00
-0.18, -0.10, -0.98, -0.06, 3.04, -1.31, 8.41
-0.18, -0.10, -0.98, -0.06, 3.09, -1.27, 8.41
-0.18, -0.10, -0.98, -0.06, 2.80, -1.13, 8.52
-0.18, -0.10, -0.98, -0.06, 2.85, -1.22, 8.36
-0.18, -0.10, -0.98, -0.06, 2.92, -1.28, 8.51
-0.18, -0.10, -0.98, -0.06, 2.97, -1.10, 8.59
-0.18, -0.10, -0.98, -0.07, 2.97, -1.35, 8.16
-0.18, -0.10, -0.98, -0.07, 2.83, -1.13, 8.60
-0.18, -0.10, -0.98, -0.07, 3.21, -1.16, 8.43
-0.18, -0.10, -0.98, -0.07, 3.51, -1.25, 8.25
-0.18, -0.10, -0.98, -0.07, 3.34, -1.35, 8.61
-0.18, -0.10, -0.98, -0.07, 2.85, -1.48, 8.60
-0.17, -0.11, -0.98, -0.07, 2.35, -1.92, 8.72
-0.15, -0.11, -0.98, -0.08, 2.41, -1.89, 8.56
-0.12, -0.12, -0.98, -0.09, 2.51, -1.53, 8.56
-0.08, -0.12, -0.98, -0.10, 2.12, -1.60, 7.81
0.01, -0.14, -0.98, -0.13, 1.44, -1.85, 8.61
0.13, -0.16, -0.97, -0.15, 0.93, -1.69, 6.81
0.23, -0.18, -0.94, -0.17, -0.60, -2.65, 7.27
0.38, -0.19, -0.89, -0.18, -3.57, -1.72, 7.32
0.49, -0.19, -0.83, -0.18, -5.13, -1.53, 7.07
0.66, -0.18, -0.71, -0.17, -5.46, -0.59, 6.51
0.76, -0.15, -0.62, -0.16, -5.94, 0.20, 6.92
0.87, -0.10, -0.46, -0.14, -4.57, 0.37, 3.70
0.93, -0.05, -0.36, -0.12, -4.52, -0.40, 4.64
0.98, 0.03, -0.20, -0.07, -2.13, 3.60, 2.91
0.99, 0.10, -0.09, -0.03, -3.27, 0.68, 6.73
0.97, 0.22, 0.05, 0.01, -6.50, 1.11, 6.12
0.95, 0.30, 0.13, 0.01, -1.69, 2.77, 5.28
0.89, 0.27, 0.37, 0.10, -13.75, 1.01, 13.84
0.90, 0.24, 0.36, 0.08, -13.65, -11.58, 13.48
0.91, 0.23, 0.34, 0.07, 7.45, 0.62, 11.97
0.90, 0.20, 0.36, 0.09, 4.07, -3.62, 13.21
0.90, 0.16, 0.40, 0.11, 3.98, -4.02, 13.32
0.89, 0.13, 0.42, 0.12, 4.53, -3.60, 13.54
0.91, 0.11, 0.39, 0.11, 3.82, -4.94, 6.28
0.93, 0.11, 0.35, 0.10, 4.85, -4.36, 10.15
0.95, 0.11, 0.28, 0.08, 3.64, -2.14, 10.79
0.97, 0.11, 0.22, 0.06, 5.91, -0.97, -5.82
0.97, 0.11, 0.22, 0.06, 4.03, -0.35, 10.95
0.97, 0.10, 0.21, 0.06, 4.37, -2.09, 10.21
0.97, 0.10, 0.20, 0.06, 3.73, -2.15, 10.66
0.97, 0.10, 0.20, 0.06, 3.66, -1.97, 10.75
0.98, 0.09, 0.19, 0.06, 3.43, -1.92, 10.67
0.98, 0.09, 0.18, 0.06, 3.38, -1.94, 10.52
0.98, 0.09, 0.18, 0.06, 3.19, -1.87, 10.54
0.98, 0.08, 0.17, 0.06, 3.10, -1.77, 10.51
0.98, 0.08, 0.16, 0.06, 3.02, -1.67, 10.45
0.98, 0.08, 0.16, 0.06, 2.93, -1.65, 10.42
0.98, 0.07, 0.15, 0.06, 2.79, -1.53, 10.33
0.98, 0.07, 0.15, 0.06, 2.76, -1.51, 10.33
0.99, 0.07, 0.14, 0.06, 2.62, -1.48, 10.29
0.99, 0.07, 0.14, 0.06, 2.53, -1.43, 10.25
0.99, 0.06, 0.13, 0.06, 2.41, -1.42, 10.22
0.99, 0.06, 0.13, 0.06, 2.39, -1.38, 10.19
0.99, 0.06, 0.12, 0.06, 2.24, -1.25, 10.09
0.99, 0.06, 0.12, 0.06, 2.16, -1.23, 10.10
0.99, 0.05, 0.11, 0.06, 2.04, -1.13, 10.11
0.99, 0.05, 0.11, 0.06, 2.01, -1.17, 9.96
0.99, 0.05, 0.10, 0.06, 2.02, -1.10, 10.01
0.99, 0.05, 0.10, 0.06, 1.89, -1.04, 10.06
0.99, 0.05, 0.10, 0.06, 1.80, -1.00, 10.04
0.99, 0.05, 0.09, 0.06, 1.76, -0.95, 9.95
0.99, 0.04, 0.09, 0.06, 1.67, -0.92, 9.94
0.99, 0.04, 0.09, 0.06, 1.59, -0.98, 9.99
0.99, 0.04, 0.08, 0.06, 1.56, -0.89, 9.90
0.99, 0.04, 0.08, 0.06, 1.47, -0.82, 9.97
0.99, 0.04, 0.08, 0.06, 1.49, -0.83, 9.95
0.99, 0.04, 0.08, 0.06, 1.42, -0.77, 9.94
0.99, 0.03, 0.07, 0.06, 1.31, -0.72, 9.93
1.00, 0.03, 0.07, 0.06, 1.30, -0.73, 9.92
1.00, 0.03, 0.07, 0.06, 1.17, -0.69, 9.92
1.00, 0.03, 0.06, 0.06, 1.17, -0.66, 9.91
1.00, 0.03, 0.06, 0.06, 1.16, -0.69, 9.90
1.00, 0.03, 0.06, 0.06, 1.09, -0.59, 9.89
1.00, 0.03, 0.06, 0.06, 1.09, -0.60, 9.85
1.00, 0.03, 0.06, 0.06, 1.01, -0.58, 9.87
1.00, 0.03, 0.05, 0.06, 0.97, -0.51, 9.87
1.00, 0.02, 0.05, 0.06, 0.97, -0.52, 9.85
1.00, 0.02, 0.05, 0.06, 0.88, -0.55, 9.87
1.00, 0.02, 0.05, 0.06, 0.86, -0.51, 9.84
1.00, 0.02, 0.05, 0.06, 0.85, -0.51, 9.83
1.00, 0.02, 0.04, 0.06, 0.85, -0.44, 9.82
1.00, 0.02, 0.04, 0.06, 0.77, -0.41, 9.82
1.00, 0.02, 0.04, 0.06, 0.77, -0.43, 9.83
1.00, 0.02, 0.04, 0.06, 0.71, -0.38, 9.82
1.00, 0.02, 0.04, 0.06, 0.65, -0.42, 9.81
1.00, 0.02, 0.04, 0.06, 0.61, -0.41, 9.82
1.00, 0.02, 0.04, 0.06, 0.59, -0.35, 9.84
1.00, 0.02, 0.03, 0.06, 0.63, -0.30, 9.84
1.00, 0.02, 0.03, 0.06, 0.66, -0.33, 9.83
1.00, 0.02, 0.03, 0.06, 0.56, -0.35, 9.81
1.00, 0.01, 0.03, 0.06, 0.60, -0.30, 9.83
1.00, 0.01, 0.03, 0.06, 0.55, -0.22, 9.82
1.00, 0.01, 0.03, 0.06, 0.50, -0.31, 9.83
1.00, 0.01, 0.03, 0.06, 0.48, -0.33, 9.83
1.00, 0.01, 0.03, 0.06, 0.44, -0.30, 9.80
1.00, 0.01, 0.03, 0.06, 0.46, -0.28, 9.82
1.00, 0.01, 0.02, 0.06, 0.41, -0.20, 9.82
1.00, 0.01, 0.02, 0.06, 0.42, -0.21, 9.79
1.00, 0.01, 0.02, 0.06, 0.43, -0.20, 9.82
1.00, 0.01, 0.02, 0.06, 0.40, -0.22, 9.82
1.00, 0.01, 0.02, 0.06, 0.39, -0.26, 9.82
1.00, 0.01, 0.02, 0.06, 0.36, -0.21, 9.82
1.00, 0.01, 0.02, 0.06, 0.39, -0.21, 9.80
1.00, 0.01, 0.02, 0.06, 0.33, -0.16, 9.77
1.00, 0.01, 0.02, 0.06, 0.33, -0.18, 9.76
1.00, 0.01, 0.02, 0.06, 0.32, -0.13, 9.81
1.00, 0.01, 0.02, 0.06, 0.25, -0.14, 9.76
1.00, 0.01, 0.02, 0.06, 0.29, -0.17, 9.81
1.00, 0.01, 0.02, 0.06, 0.27, -0.16, 9.76
1.00, 0.01, 0.02, 0.06, 0.30, -0.13, 9.81
1.00, 0.01, 0.01, 0.06, 0.27, -0.16, 9.80
1.00, 0.01, 0.01, 0.06, 0.18, -0.18, 9.81
1.00, 0.01, 0.01, 0.06, 0.26, -0.10, 9.77
1.00, 0.01, 0.01, 0.06, 0.24, -0.12, 9.81
1.00, 0.01, 0.01, 0.06, 0.23, -0.10, 9.81
1.00, 0.01, 0.01, 0.06, 0.21, -0.11, 9.76
1.00, 0.01, 0.01, 0.06, 0.23, -0.11, 9.76
1.00, 0.01, 0.01, 0.06, 0.19, -0.05, 9.81
1.00, 0.01, 0.01, 0.06, 0.16, -0.11, 9.77
1.00, 0.01, 0.01, 0.06, 0.16, -0.12, 9.81
1.00, 0.00, 0.01, 0.06, 0.13, -0.09, 9.81
1.00, 0.00, 0.01, 0.06, 0.18, -0.11, 9.74
1.00, 0.00, 0.01, 0.06, 0.19, -0.07, 9.81
1.00, 0.00, 0.01, 0.06, 0.11, -0.04, 9.71
1.00, 0.00, 0.01, 0.06, 0.12, -0.06, 9.81
1.00, 0.00, 0.01, 0.06, 0.12, -0.07, 9.76
1.00, 0.00, 0.01, 0.06, 0.11, -0.11, 9.81
1.00, 0.00, 0.01, 0.06, 0.10, -0.09, 9.81
1.00, 0.00, 0.01, 0.06, 0.12, -0.09, 9.81
1.00, 0.00, 0.01, 0.06, 0.10, -0.08, 9.81
1.00, 0.00, 0.01, 0.06, 0.14, -0.05, 9.80
1.00, 0.00, 0.01, 0.06, 0.11, -0.05, 9.81
1.00, 0.00, 0.01, 0.06, 0.09, -0.04, 9.81
1.00, 0.00, 0.01, 0.06, 0.08, -0.07, 9.75
1.00, 0.00, 0.01, 0.06, 0.10, -0.08, 9.79
1.00, 0.00, 0.01, 0.06, 0.07, -0.05, 9.81
1.00, 0.00, 0.01, 0.06, 0.14, -0.01, 9.74
1.00, 0.00, 0.01, 0.06, 0.07, -0.07, 9.71
1.00, 0.00, 0.01, 0.06, 0.06, -0.04, 9.77
1.00, 0.00, 0.01, 0.06, 0.04, -0.00, 9.74
1.00, 0.00, 0.01, 0.06, 0.11, -0.03, 9.81
1.00, 0.00, 0.01, 0.06, 0.02, -0.03, 9.81
1.00, 0.00, 0.01, 0.06, 0.07, -0.08, 9.74